                 [38;2;173;176;183m▄[0m[38;2;165;161;173m▄[0m[38;2;171;157;171m▄[0m[38;2;163;131;149m▄[0m[38;2;199;192;201m[48;2;156;116;140m▀[0m[38;2;192;174;185m[48;2;182;152;169m▀[0m[38;2;208;191;201m[48;2;192;165;180m▀[0m[38;2;213;207;213m[48;2;208;165;182m▀[0m[38;2;206;186;197m▄[0m[38;2;209;204;211m▄[0m
             [38;2;168;158;171m▄[0m[38;2;184;188;192m[48;2;190;161;180m▀[0m[38;2;168;159;171m[48;2;232;176;198m▀[0m[38;2;177;155;172m[48;2;248;171;193m▀[0m[38;2;201;164;184m[48;2;251;164;185m▀[0m[38;2;223;173;192m[48;2;255;167;183m▀[0m[38;2;237;166;184m[48;2;253;169;184m▀[0m[38;2;240;159;175m[48;2;251;170;184m▀[0m[38;2;239;159;175m[48;2;253;174;187m▀[0m[38;2;235;157;173m[48;2;255;177;190m▀[0m[38;2;222;158;176m[48;2;255;169;184m▀[0m[38;2;205;160;174m[48;2;253;200;210m▀[0m[38;2;240;193;204m[48;2;245;190;201m▀[0m[38;2;192;171;184m[48;2;236;160;176m▀[0m[38;2;172;159;170m[48;2;238;167;183m▀[0m[38;2;175;160;171m[48;2;231;186;199m▀[0m[38;2;192;171;184m▄[0m[38;2;167;145;159m▄[0m[38;2;212;209;212m▄[0m
          [38;2;174;167;176m▄[0m[38;2;174;169;177m[48;2;194;170;188m▀[0m[38;2;177;160;176m[48;2;249;201;222m▀[0m[38;2;231;187;208m[48;2;255;178;204m▀[0m[38;2;255;182;206m[48;2;245;160;187m▀[0m[38;2;252;165;189m[48;2;240;150;172m▀[0m[38;2;243;151;174m[48;2;242;163;184m▀[0m[38;2;241;155;175m[48;2;251;183;200m▀[0m[38;2;247;168;183m[48;2;253;175;188m▀[0m[38;2;252;176;188m[48;2;254;177;190m▀[0m[38;2;254;178;190m[48;2;250;173;186m▀[0m[38;2;255;178;191m[48;2;233;143;163m▀[0m[38;2;241;159;176m[48;2;236;143;164m▀[0m[38;2;231;144;164m[48;2;243;150;169m▀[0m[38;2;222;120;143m[48;2;241;142;162m▀[0m[38;2;220;131;150m[48;2;244;146;166m▀[0m[38;2;243;166;180m[48;2;246;174;188m▀[0m[38;2;232;131;150m[48;2;241;179;192m▀[0m[38;2;238;149;167m[48;2;232;149;167m▀[0m[38;2;253;214;223m[48;2;232;144;162m▀[0m[38;2;202;175;189m[48;2;255;220;228m▀[0m[38;2;169;142;159m[48;2;213;196;205m▀[0m[38;2;199;187;195m[48;2;164;135;154m▀[0m[38;2;215;202;211m▄[0m
         [38;2;179;179;187m[48;2;184;162;179m▀[0m[38;2;198;166;185m[48;2;252;178;203m▀[0m[38;2;247;199;237m[48;2;242;169;207m▀[0m[38;2;245;176;212m[48;2;240;162;196m▀[0m[38;2;244;161;191m[48;2;242;157;183m▀[0m[38;2;241;154;178m[48;2;240;154;175m▀[0m[38;2;241;155;175m[48;2;253;170;186m▀[0m[38;2;253;182;199m[48;2;253;172;187m▀[0m[38;2;252;190;206m[48;2;247;172;191m▀[0m[38;2;252;167;182m[48;2;250;178;194m▀[0m[38;2;248;170;184m[48;2;241;151;169m▀[0m[38;2;235;146;164m[48;2;251;166;182m▀[0m[38;2;245;155;173m[48;2;254;173;187m▀[0m[38;2;252;166;182m[48;2;244;155;173m▀[0m[38;2;244;150;169m[48;2;251;167;183m▀[0m[38;2;249;164;181m[48;2;248;160;176m▀[0m[38;2;244;150;169m[48;2;248;163;180m▀[0m[38;2;251;165;182m[48;2;252;172;188m▀[0m[38;2;251;187;200m[48;2;249;157;174m▀[0m[38;2;248;183;196m[48;2;246;162;176m▀[0m[38;2;246;196;207m[48;2;249;179;193m▀[0m[38;2;237;167;181m[48;2;249;190;201m▀[0m[38;2;255;234;239m[48;2;247;200;210m▀[0m[38;2;210;186;198m[48;2;255;242;246m▀[0m[38;2;187;165;176m[48;2;209;191;201m▀[0m[38;2;208;202;208m▄[0m
       [38;2;195;193;198m▄[0m[38;2;178;165;178m[48;2;222;167;191m▀[0m[38;2;241;173;198m[48;2;253;165;192m▀[0m[38;2;253;165;191m[48;2;241;151;176m▀[0m[38;2;241;153;179m[48;2;254;164;186m▀[0m[38;2;247;160;185m[48;2;242;147;168m▀[0m[38;2;237;150;171m[48;2;235;140;162m▀[0m[38;2;248;162;180m[48;2;253;168;184m▀[0m[38;2;254;175;188m[48;2;251;170;185m▀[0m[38;2;246;160;176m[48;2;235;146;165m▀[0m[38;2;243;164;183m[48;2;235;143;161m▀[0m[38;2;244;166;184m[48;2;251;164;180m▀[0m[38;2;252;191;208m[48;2;252;186;201m▀[0m[38;2;253;185;200m[48;2;248;181;198m▀[0m[38;2;246;159;176m[48;2;237;164;186m▀[0m[38;2;248;163;179m[48;2;252;177;196m▀[0m[38;2;254;177;189m[48;2;253;169;183m▀[0m[38;2;247;159;176m[48;2;250;165;180m▀[0m[38;2;251;165;180m[48;2;253;172;186m▀[0m[38;2;249;162;177m[48;2;250;168;183m▀[0m[38;2;250;166;182m[48;2;251;173;187m▀[0m[38;2;247;165;178m[48;2;248;166;179m▀[0m[38;2;248;167;182m[48;2;248;164;178m▀[0m[38;2;250;171;185m[48;2;254;174;187m▀[0m[38;2;247;192;202m[48;2;247;182;194m▀[0m[38;2;255;230;235m[48;2;248;223;230m▀[0m[38;2;245;233;240m[48;2;255;245;248m▀[0m[38;2;184;167;179m[48;2;217;194;206m▀[0m[38;2;180;175;183m▄[0m
      [38;2;222;226;226m[48;2;178;165;178m▀[0m[38;2;167;137;158m[48;2;180;132;160m▀[0m[38;2;235;152;182m[48;2;239;149;180m▀[0m[38;2;245;155;181m[48;2;243;153;174m▀[0m[38;2;244;154;175m[48;2;185;144;183m▀[0m[38;2;226;139;162m[48;2;165;163;206m▀[0m[38;2;208;130;153m[48;2;182;185;227m▀[0m[38;2;167;127;158m[48;2;183;198;243m▀[0m[38;2;224;157;176m[48;2;210;158;181m▀[0m[38;2;247;157;174m[48;2;232;137;155m▀[0m[38;2;225;131;153m[48;2;228;130;153m▀[0m[38;2;246;156;175m[48;2;245;153;172m▀[0m[38;2;248;167;182m[48;2;249;166;181m▀[0m[38;2;252;167;182m[48;2;239;156;171m▀[0m[38;2;236;143;162m[48;2;205;118;135m▀[0m[38;2;241;162;184m[48;2;253;160;178m▀[0m[38;2;244;197;223m[48;2;249;171;190m▀[0m[38;2;243;188;210m[48;2;246;183;204m▀[0m[38;2;250;177;193m[48;2;247;187;205m▀[0m[38;2;254;170;184m[48;2;253;196;210m▀[0m[38;2;250;172;186m[48;2;247;176;190m▀[0m[38;2;250;168;183m[48;2;252;185;198m▀[0m[38;2;248;167;181m[48;2;246;195;208m▀[0m[38;2;243;160;174m[48;2;235;163;179m▀[0m[38;2;254;194;206m[48;2;254;217;228m▀[0m[38;2;249;217;228m[48;2;251;202;215m▀[0m[38;2;246;187;198m[48;2;244;156;173m▀[0m[38;2;255;224;230m[48;2;250;208;216m▀[0m[38;2;249;224;230m[48;2;255;236;239m▀[0m[38;2;191;169;180m[48;2;193;160;176m▀[0m[38;2;186;174;184m▄[0m
    [38;2;226;215;220m▄[0m[38;2;187;178;187m[48;2;192;169;187m▀[0m[38;2;186;171;188m[48;2;197;144;170m▀[0m[38;2;223;147;177m[48;2;244;153;178m▀[0m[38;2;246;157;181m[48;2;244;155;176m▀[0m[38;2;245;148;168m[48;2;247;153;174m▀[0m[38;2;166;131;177m[48;2;199;100;124m▀[0m[38;2;173;196;255m[48;2;151;126;177m▀[0m[38;2;205;187;197m[48;2;180;190;237m▀[0m[38;2;187;178;191m[48;2;174;159;203m▀[0m[38;2;203;157;187m[48;2;235;159;174m▀[0m[38;2;223;125;143m[48;2;207;108;133m▀[0m[38;2;222;121;147m[48;2;232;140;161m▀[0m[38;2;242;156;173m[48;2;232;143;162m▀[0m[38;2;245;159;177m[48;2;220;145;156m▀[0m[38;2;212;138;146m[48;2;232;193;193m▀[0m[38;2;231;155;166m[48;2;232;149;167m▀[0m[38;2;252;162;182m[48;2;245;157;177m▀[0m[38;2;250;161;178m[48;2;249;159;179m▀[0m[38;2;252;169;182m[48;2;251;165;183m▀[0m[38;2;247;159;177m[48;2;243;156;174m▀[0m[38;2;249;185;200m[48;2;242;154;171m▀[0m[38;2;245;172;187m[48;2;251;165;181m▀[0m[38;2;255;203;217m[48;2;251;161;178m▀[0m[38;2;242;183;197m[48;2;247;159;175m▀[0m[38;2;200;119;135m[48;2;207;134;137m▀[0m[38;2;252;174;190m[48;2;240;151;170m▀[0m[38;2;253;168;184m[48;2;238;156;167m▀[0m[38;2;231;143;158m[48;2;203;143;125m▀[0m[38;2;247;194;207m[48;2;222;169;164m▀[0m[38;2;255;234;241m[48;2;240;191;193m▀[0m[38;2;195;171;185m[48;2;239;210;219m▀[0m[38;2;160;137;154m[48;2;167;142;159m▀[0m
    [38;2;223;212;218m[48;2;194;187;196m▀[0m[38;2;186;142;167m[48;2;224;157;182m▀[0m[38;2;236;145;172m[48;2;236;142;172m▀[0m[38;2;245;155;177m[48;2;246;155;178m▀[0m[38;2;247;156;178m[48;2;241;148;170m▀[0m[38;2;232;135;160m[48;2;222;121;147m▀[0m[38;2;210;109;133m[48;2;206;107;132m▀[0m[38;2;193;92;117m[48;2;205;106;131m▀[0m[38;2;189;105;136m[48;2;233;140;158m▀[0m[38;2;239;156;174m[48;2;254;170;185m▀[0m[38;2;244;160;175m[48;2;236;150;168m▀[0m[38;2;219;119;143m[48;2;200;117;135m▀[0m[38;2;234;145;162m[48;2;220;153;158m▀[0m[38;2;229;157;168m[48;2;218;184;178m▀[0m[38;2;253;237;230m[48;2;253;232;222m▀[0m[38;2;241;210;209m[48;2;243;195;194m▀[0m[38;2;231;147;163m[48;2;235;163;174m▀[0m[38;2;243;160;178m[48;2;240;164;179m▀[0m[38;2;242;153;174m[48;2;227;143;160m▀[0m[38;2;250;163;182m[48;2;242;155;177m▀[0m[38;2;235;149;169m[48;2;237;148;169m▀[0m[38;2;249;162;180m[48;2;249;164;183m▀[0m[38;2;252;165;182m[48;2;251;164;182m▀[0m[38;2;250;160;178m[48;2;244;151;171m▀[0m[38;2;239;158;173m[48;2;226;150;163m▀[0m[38;2;240;195;193m[48;2;240;215;213m▀[0m[38;2;212;131;137m[48;2;199;123;130m▀[0m[38;2;204;136;117m[48;2;184;100;89m▀[0m[38;2;246;156;161m[48;2;229;140;134m▀[0m[38;2;231;163;156m[48;2;214;131;124m▀[0m[38;2;204;139;131m[48;2;226;159;160m▀[0m[38;2;255;214;225m[48;2;248;202;213m▀[0m[38;2;214;185;196m[48;2;191;151;166m▀[0m[38;2;187;182;191m[48;2;189;171;182m▀[0m
  [38;2;192;177;192m▄[0m[38;2;200;184;196m[48;2;201;156;190m▀[0m[38;2;205;150;177m[48;2;173;144;166m▀[0m[38;2;201;119;155m[48;2;224;152;182m▀[0m[38;2;246;158;185m[48;2;253;175;201m▀[0m[38;2;244;153;176m[48;2;231;141;168m▀[0m[38;2;236;144;166m[48;2;237;139;165m▀[0m[38;2;225;121;148m[48;2;201;112;135m▀[0m[38;2;199;86;116m[48;2;199;146;153m▀[0m[38;2;187;82;111m[48;2;191;118;132m▀[0m[38;2;235;147;166m[48;2;244;153;173m▀[0m[38;2;244;153;173m[48;2;223;141;153m▀[0m[38;2;203;119;137m[48;2;138;64;70m▀[0m[38;2;93;51;60m[48;2;118;90;107m▀[0m[38;2;80;53;68m[48;2;72;55;131m▀[0m[38;2;76;48;75m[48;2;162;124;173m▀[0m[38;2;122;83;93m[48;2;96;79;138m▀[0m[38;2;197;143;140m[48;2;115;69;88m▀[0m[38;2;243;183;188m[48;2;237;180;173m▀[0m[38;2;243;165;182m[48;2;244;167;183m▀[0m[38;2;234;178;182m[48;2;235;177;184m▀[0m[38;2;237;150;171m[48;2;246;175;189m▀[0m[38;2;248;167;185m[48;2;255;176;194m▀[0m[38;2;248;162;181m[48;2;239;170;180m▀[0m[38;2;228;144;162m[48;2;228;151;165m▀[0m[38;2;236;149;167m[48;2;244;176;186m▀[0m[38;2;229;179;183m[48;2;255;228;222m▀[0m[38;2;253;250;240m[48;2;255;253;244m▀[0m[38;2;235;192;194m[48;2;255;238;232m▀[0m[38;2;207;116;126m[48;2;209;133;138m▀[0m[38;2;202;123;117m[48;2;207;121;125m▀[0m[38;2;194;114;113m[48;2;218;132;141m▀[0m[38;2;204;134;124m[48;2;242;163;177m▀[0m[38;2;243;185;192m[48;2;254;185;198m▀[0m[38;2;158;114;138m[48;2;175;134;155m▀[0m[38;2;192;168;183m[48;2;176;154;173m▀[0m[38;2;231;228;228m[48;2;212;199;205m▀[0m
 [38;2;208;203;206m[48;2;204;197;206m▀[0m[38;2;190;159;197m[48;2;176;144;205m▀[0m[38;2;156;124;171m[48;2;212;162;220m▀[0m[38;2;221;171;198m[48;2;230;169;215m▀[0m[38;2;250;177;211m[48;2;238;175;214m▀[0m[38;2;238;154;183m[48;2;234;153;187m▀[0m[38;2;239;145;174m[48;2;241;151;184m▀[0m[38;2;216;131;155m[48;2;208;144;160m▀[0m[38;2;219;181;177m[48;2;246;213;204m▀[0m[38;2;248;210;198m[48;2;247;185;178m▀[0m[38;2;221;162;161m[48;2;226;156;154m▀[0m[38;2;229;139;158m[48;2;231;148;163m▀[0m[38;2;253;169;186m[48;2;251;165;184m▀[0m[38;2;204;124;123m[48;2;245;171;174m▀[0m[38;2;173;151;202m[48;2;214;185;213m▀[0m[38;2;160;109;232m[48;2;219;172;244m▀[0m[38;2;239;160;187m[48;2;246;199;246m▀[0m[38;2;149;96;202m[48;2;186;139;243m▀[0m[38;2;170;153;199m[48;2;228;217;237m▀[0m[38;2;247;217;204m[48;2;255;249;237m▀[0m[38;2;238;184;189m[48;2;253;236;229m▀[0m[38;2;238;158;173m[48;2;250;225;220m▀[0m[38;2;245;167;182m[48;2;241;198;198m▀[0m[38;2;236;158;173m[48;2;237;177;184m▀[0m[38;2;237;172;183m[48;2;244;187;188m▀[0m[38;2;251;183;185m[48;2;142;97;124m▀[0m[38;2;189;135;133m[48;2;138;103;142m▀[0m[38;2;147;111;113m[48;2;71;55;112m▀[0m[38;2;136;102;105m[48;2;90;67;86m▀[0m[38;2;213;194;189m[48;2;82;50;57m▀[0m[38;2;220;154;161m[48;2;208;151;158m▀[0m[38;2;225;119;148m[48;2;227;124;150m▀[0m[38;2;245;155;176m[48;2;248;163;179m▀[0m[38;2;251;175;190m[48;2;242;155;173m▀[0m[38;2;250;178;192m[48;2;247;174;189m▀[0m[38;2;177;138;156m[48;2;200;160;184m▀[0m[38;2;181;164;178m[48;2;170;138;178m▀[0m[38;2;200;179;194m[48;2;204;188;201m▀[0m
 [38;2;207;205;212m[48;2;204;194;213m▀[0m[38;2;207;175;228m[48;2;182;160;199m▀[0m[38;2;173;139;189m[48;2;189;177;201m▀[0m[38;2;213;172;223m[48;2;200;159;226m▀[0m[38;2;225;161;209m[48;2;228;184;233m▀[0m[38;2;240;176;209m[48;2;236;181;222m▀[0m[38;2;240;160;197m[48;2;243;182;218m▀[0m[38;2;199;124;155m[48;2;211;136;185m▀[0m[38;2;239;221;212m[48;2;184;131;156m▀[0m[38;2;254;205;195m[48;2;236;216;208m▀[0m[38;2;239;183;179m[48;2;223;185;189m▀[0m[38;2;239;160;179m[48;2;239;166;184m▀[0m[38;2;245;158;178m[48;2;243;163;185m▀[0m[38;2;240;159;175m[48;2;219;134;149m▀[0m[38;2;249;208;199m[48;2;244;184;186m▀[0m[38;2;252;209;203m[48;2;252;209;201m▀[0m[38;2;251;208;209m[48;2;252;208;199m▀[0m[38;2;238;211;219m[48;2;255;220;208m▀[0m[38;2;252;240;231m[48;2;255;236;229m▀[0m[38;2;254;235;228m[48;2;255;239;232m▀[0m[38;2;254;237;230m[48;2;254;237;230m▀[0m[38;2;255;240;233m[48;2;253;236;229m▀[0m[38;2;253;240;233m[48;2;252;234;229m▀[0m[38;2;255;247;232m[48;2;255;244;229m▀[0m[38;2;194;176;210m[48;2;213;186;230m▀[0m[38;2;156;99;183m[48;2;239;186;245m▀[0m[38;2;222;150;185m[48;2;222;163;243m▀[0m[38;2;92;66;167m[48;2;150;103;220m▀[0m[38;2;174;162;191m[48;2;224;222;233m▀[0m[38;2;118;78;79m[48;2;159;94;93m▀[0m[38;2;149;74;82m[48;2;169;83;94m▀[0m[38;2;239;143;166m[48;2;221;124;151m▀[0m[38;2;241;150;171m[48;2;237;148;170m▀[0m[38;2;237;146;167m[48;2;237;151;172m▀[0m[38;2;241;167;184m[48;2;247;176;194m▀[0m[38;2;218;181;200m[48;2;205;179;191m▀[0m[38;2;185;156;184m[48;2;183;165;176m▀[0m
 [38;2;200;189;211m▀[0m[38;2;178;157;206m[48;2;188;174;210m▀[0m[38;2;181;165;201m[48;2;146;125;178m▀[0m[38;2;164;131;205m[48;2;194;171;240m▀[0m[38;2;232;202;254m[48;2;206;184;250m▀[0m[38;2;214;169;225m[48;2;180;146;225m▀[0m[38;2;239;190;232m[48;2;214;174;230m▀[0m[38;2;220;158;208m[48;2;220;174;228m▀[0m[38;2;172;102;171m[48;2;182;134;203m▀[0m[38;2;162;103;152m[48;2;135;99;160m▀[0m[38;2;141;94;122m[48;2;115;88;144m▀[0m[38;2;222;153;186m[48;2;188;135;183m▀[0m[38;2;247;176;199m[48;2;245;182;212m▀[0m[38;2;235;174;177m[48;2;234;180;184m▀[0m[38;2;245;194;191m[48;2;255;230;222m▀[0m[38;2;246;198;193m[48;2;251;216;209m▀[0m[38;2;253;213;206m[48;2;252;221;213m▀[0m[38;2;252;220;213m[48;2;255;239;230m▀[0m[38;2;245;219;212m[48;2;223;181;177m▀[0m[38;2;249;227;219m[48;2;236;216;215m▀[0m[38;2;254;237;229m[48;2;250;236;232m▀[0m[38;2;255;238;231m[48;2;249;228;222m▀[0m[38;2;253;236;230m[48;2;250;230;224m▀[0m[38;2;254;238;230m[48;2;253;237;229m▀[0m[38;2;252;230;223m[48;2;253;223;214m▀[0m[38;2;255;217;218m[48;2;252;213;203m▀[0m[38;2;222;178;225m[48;2;251;210;199m▀[0m[38;2;217;202;235m[48;2;255;227;214m▀[0m[38;2;250;231;221m[48;2;230;184;181m▀[0m[38;2;202;128;134m[48;2;202;111;142m▀[0m[38;2;215;122;151m[48;2;212;116;151m▀[0m[38;2;215;115;145m[48;2;238;152;179m▀[0m[38;2;245;164;186m[48;2;242;156;183m▀[0m[38;2;239;160;183m[48;2;233;167;191m▀[0m[38;2;244;176;198m[48;2;199;120;156m▀[0m[38;2;241;199;213m[48;2;242;207;220m▀[0m[38;2;177;151;172m[48;2;166;135;160m▀[0m[38;2;202;191;202m[48;2;204;191;203m▀[0m
  [38;2;213;209;212m▀[0m[38;2;195;181;218m[48;2;219;217;224m▀[0m[38;2;156;137;200m[48;2;179;163;204m▀[0m[38;2;181;165;228m[48;2;157;143;217m▀[0m[38;2;168;147;240m[48;2;153;140;226m▀[0m[38;2;169;138;223m[48;2;160;145;242m▀[0m[38;2;217;182;241m[48;2;193;169;244m▀[0m[38;2;154;126;189m[48;2;131;108;178m▀[0m[38;2;105;79;139m[48;2;123;90;156m▀[0m[38;2;122;91;153m[48;2;145;113;174m▀[0m[38;2;126;98;155m[48;2;112;87;152m▀[0m[38;2;233;184;227m[48;2;209;167;223m▀[0m[38;2;176;123;159m[48;2;186;139;208m▀[0m[38;2;226;200;196m[48;2;150;97;156m▀[0m[38;2;255;249;238m[48;2;203;172;178m▀[0m[38;2;254;237;230m[48;2;249;237;229m▀[0m[38;2;254;237;230m[48;2;254;240;232m▀[0m[38;2;252;235;228m[48;2;255;237;230m▀[0m[38;2;248;232;228m[48;2;253;235;228m▀[0m[38;2;254;249;248m[48;2;252;233;227m▀[0m[38;2;232;205;204m[48;2;251;232;226m▀[0m[38;2;232;196;191m[48;2;253;237;231m▀[0m[38;2;255;243;235m[48;2;253;235;229m▀[0m[38;2;252;218;211m[48;2;253;230;224m▀[0m[38;2;252;211;204m[48;2;255;226;217m▀[0m[38;2;251;208;203m[48;2;255;237;222m▀[0m[38;2;251;211;202m[48;2;215;173;172m▀[0m[38;2;190;121;141m[48;2;175;99;150m▀[0m[38;2;200;108;149m[48;2;224;144;188m▀[0m[38;2;238;150;182m[48;2;234;145;186m▀[0m[38;2;240;155;186m[48;2;237;169;206m▀[0m[38;2;246;180;205m[48;2;246;197;225m▀[0m[38;2;236;181;205m[48;2;232;172;207m▀[0m[38;2;195;141;173m[48;2;235;181;223m▀[0m[38;2;253;220;236m[48;2;240;205;234m▀[0m[38;2;173;142;171m[48;2;171;144;178m▀[0m[38;2;197;184;197m[48;2;199;188;202m▀[0m
    [38;2;189;182;197m▀[0m[38;2;165;152;205m[48;2;199;195;202m▀[0m[38;2;172;160;203m[48;2;199;191;209m▀[0m[38;2;167;157;219m[48;2;187;175;216m▀[0m[38;2;173;161;252m[48;2;155;141;227m▀[0m[38;2;120;103;184m[48;2;115;102;185m▀[0m[38;2;149;111;177m[48;2;110;98;189m▀[0m[38;2;189;140;199m[48;2;137;127;208m▀[0m[38;2;120;94;162m[48;2;120;106;188m▀[0m[38;2;197;158;223m[48;2;191;164;233m▀[0m[38;2;202;166;228m[48;2;201;171;240m▀[0m[38;2;161;124;211m[48;2;134;106;179m▀[0m[38;2;147;91;132m[48;2;147;110;167m▀[0m[38;2;238;185;170m[48;2;240;182;189m▀[0m[38;2;247;224;219m[48;2;247;186;174m▀[0m[38;2;249;234;227m[48;2;244;191;180m▀[0m[38;2;255;245;237m[48;2;219;176;169m▀[0m[38;2;255;248;236m[48;2;194;165;182m▀[0m[38;2;255;248;236m[48;2;196;165;184m▀[0m[38;2;255;247;234m[48;2;188;157;179m▀[0m[38;2;255;246;233m[48;2;178;143;174m▀[0m[38;2;253;239;225m[48;2;167;129;174m▀[0m[38;2;235;216;208m[48;2;154;114;179m▀[0m[38;2;195;157;172m[48;2;154;108;189m▀[0m[38;2;161;101;159m[48;2;176;133;208m▀[0m[38;2;183;120;187m[48;2;204;164;225m▀[0m[38;2;223;159;210m[48;2;209;170;235m▀[0m[38;2;222;167;217m[48;2;202;169;233m▀[0m[38;2;226;188;233m[48;2;187;150;223m▀[0m[38;2;221;172;222m[48;2;219;192;248m▀[0m[38;2;229;191;235m[48;2;186;167;234m▀[0m[38;2;213;179;245m[48;2;165;146;223m▀[0m[38;2;213;186;240m[48;2;185;165;225m▀[0m[38;2;189;170;201m[48;2;194;185;196m▀[0m
       [38;2;193;186;209m▀[0m[38;2;191;185;207m▀[0m[38;2;180;169;210m[48;2;232;232;228m▀[0m[38;2;188;178;213m[48;2;216;212;218m▀[0m[38;2;146;131;216m[48;2;194;188;209m▀[0m[38;2;118;100;180m[48;2;164;151;176m▀[0m[38;2;152;131;203m[48;2;186;166;216m▀[0m[38;2;182;164;241m[48;2;180;163;231m▀[0m[38;2;158;137;188m[48;2;183;168;216m▀[0m[38;2;159;134;188m[48;2;205;192;224m▀[0m[38;2;167;127;204m[48;2;203;167;190m▀[0m[38;2;186;143;199m[48;2;204;147;171m▀[0m[38;2;206;152;169m[48;2;175;122;135m▀[0m[38;2;144;102;157m[48;2;178;136;168m▀[0m[38;2;135;108;198m[48;2;150;128;172m▀[0m[38;2;134;102;191m[48;2;123;107;171m▀[0m[38;2;142;113;207m[48;2;141;129;210m▀[0m[38;2;155;125;217m[48;2;179;171;255m▀[0m[38;2;147;117;214m[48;2;139;124;183m▀[0m[38;2;153;127;219m[48;2;147;133;219m▀[0m[38;2;173;145;221m[48;2;150;132;233m▀[0m[38;2;193;167;235m[48;2;163;147;240m▀[0m[38;2;189;163;243m[48;2;188;173;252m▀[0m[38;2;193;168;244m[48;2;195;179;249m▀[0m[38;2;179;160;237m[48;2;139;122;195m▀[0m[38;2;186;169;249m[48;2;188;173;242m▀[0m[38;2;194;176;232m[48;2;173;155;203m▀[0m[38;2;170;159;193m[48;2;179;165;191m▀[0m[38;2;181;167;207m[48;2;183;171;203m▀[0m[38;2;179;162;204m[48;2;219;219;215m▀[0m[38;2;201;196;196m▀[0m
             [38;2;188;182;191m▀[0m[38;2;205;191;222m[48;2;187;184;187m▀[0m[38;2;232;222;251m[48;2;188;177;201m▀[0m[38;2;252;248;255m[48;2;227;214;247m▀[0m[38;2;241;239;246m[48;2;246;239;255m▀[0m[38;2;224;184;182m[48;2;223;214;243m▀[0m[38;2;218;133;166m[48;2;209;172;196m▀[0m[38;2;248;187;179m[48;2;230;204;205m▀[0m[38;2;210;177;190m[48;2;218;202;226m▀[0m[38;2;168;151;201m[48;2;240;230;255m▀[0m[38;2;149;133;204m[48;2;197;174;227m▀[0m[38;2;139;124;177m[48;2;165;150;177m▀[0m[38;2;163;153;196m[48;2;158;147;185m▀[0m[38;2;139;126;223m[48;2;155;145;190m▀[0m[38;2;164;148;223m[48;2;193;185;199m▀[0m[38;2;188;174;250m[48;2;184;176;203m▀[0m[38;2;196;181;241m[48;2;185;178;196m▀[0m[38;2;160;143;190m[48;2;191;183;194m▀[0m[38;2;180;165;202m[48;2;207;202;209m▀[0m[38;2;186;175;200m▀[0m[38;2;186;175;200m▀[0m[38;2;214;209;218m▀[0m
                [38;2;183;174;190m▀[0m[38;2;180;170;194m▀[0m[38;2;186;177;200m▀[0m[38;2;177;171;183m▀[0m[38;2;181;170;185m▀[0m[38;2;193;181;212m[48;2;185;181;181m▀[0m[38;2;230;216;248m[48;2;188;180;196m▀[0m[38;2;189;178;202m[48;2;201;201;196m▀[0m[38;2;220;220;220m▀[0m [38;2;227;227;211m▀[0m
